n_bits = [2,3,4,5,6,8,10]
n_times = 5
name = "generate_graphs/125_pos_neg_BALANCED(2038)" #Leukemia

[[0.5931372549019608,
  0.6421568633294573,
  0.6176470599922479,
  0.5882352952863655,
  0.6305418719211823],
 [0.6127450968704972,
  0.6446078425528956,
  0.615196077262654,
  0.580882354109895,
  0.6502463048314814],
 [0.6470588246981303,
  0.6593137266589146,
  0.6274509815608754,
  0.6200980380469677,
  0.6453201964570972],
 [0.6078431372549019,
  0.6838235294117647,
  0.6715686262822619,
  0.6225490196078431,
  0.6502463048314814],
 [0.6397058823529411,
  0.6838235305804833,
  0.7794117658746009,
  0.7598039215686274,
  0.7635467968550809],
 [0.7647058811842227,
  0.7965686286196989,
  0.7867647047136345,
  0.7622549019607843,
  0.7906403955567647],
 [0.8063725478508893,
  0.7818627439293206,
  0.7990196090118558,
  0.8210784325412676,
  0.6453201982188107],
 [0.794117645890105,
  0.7671568639138165,
  0.7892156874432283,
  0.7475490196078431,
  0.8201970449222132]]



n_bits = [2,3,4,5,6,8,10]
n_times = 5
name = "generate_graphs/489028_pos_neg_BALANCED(2864)" #Cancer

acc_canc = [[0.5871080135219189,
  0.5627177694117982,
  0.5944055931551473,
  0.5926573424489348,
  0.5804195797943569],
 [0.5871080131065555,
  0.5644599296905438,
  0.5874125861621403,
  0.6031468529384453,
  0.573426572592942],
 [0.5818815326856819,
  0.573170731084272,
  0.5681818194322653,
  0.6171328675496829,
  0.5541958033621728],
 [0.5923344943581558,
  0.6236933787525323,
  0.6276223780391933,
  0.6311188811188811,
  0.5821678325846479],
 [0.6167247380529132,
  0.65331010369889,
  0.5979020974852822,
  0.6538461542629695,
  0.6328671328671329],
 [0.6324041803539422,
  0.6585365849504903,
  0.6258741258741258,
  0.6520979012642707,
  0.6346153833649375],
 [0.6567944242563812,
  0.6480836245241065,
  0.643356642523012,
  0.6678321665817207,
  0.6713286725791184],
 [0.6707317081477999,
  0.6637630657867272,
  0.6783216795721254,
  0.6678321678321678,
  0.6660839169175474]]




n_bits = [2,3,4,5,6,8,10]
n_times = 5
name = "generate_graphs/1111_pos_neg_BALANCED" # AIDS
acc_aids = [[1.0, 0.975, 0.5, 0.9875, 0.9875],
 [0.99375, 0.98125, 0.5, 0.9875, 0.95625],
 [1.0, 0.5, 1.0, 0.5, 0.5],
 [0.9875, 0.975, 0.9875, 0.5, 0.5],
 [0.99375, 0.98125, 1.0, 0.5, 0.5],
 [0.9875, 0.5, 0.99375, 0.5, 0.9875],
 [0.9875, 0.975, 1.0, 0.5, 0.9875],
 [0.9875, 0.98125, 1.0, 0.9875, 0.99375]]


n_bits = [2,3,4,5,6,8,10]
n_times = 5
name = "generate_graphs/3333_pos_neg_(BALANCED)" # DHFR
acc_dhfr = [[0.7966101705017736,
  0.8050847447524636,
  0.5,
  0.8220339003255812,
  0.7796610209901454],
 [0.5000000030307447,
  0.855932205410327,
  0.5,
  0.8813559372546309,
  0.8983050867662592],
 [0.9237288105285774,
  0.9067796660681903,
  0.5,
  0.8135593210236501,
  0.9237288105285774],
 [0.9576271236953089,
  0.737288138623965,
  0.8898305084745762,
  0.838983052867954,
  0.4999999989897518],
 [0.9576271156133231,
  0.9067796660681903,
  0.5,
  0.8983050847457628,
  0.9661016918845096],
 [1.0,
  0.9830508474576272,
  0.9830508474576272,
  0.9661016949152542,
  0.9745762762376817],
 [1.0,
  0.9915254237288136,
  0.9915254237288136,
  0.9915254237288136,
  0.9915254237288136],
 [1.0,
  0.5000000010102482,
  0.9830508474576272,
  0.9915254237288136,
  0.9830508444268825]]



n_bits = [2,3,4,5,6,8,10]
n_times = 5
name = "generate_graphs/2222_pos_neg_(BALANCED)" # PROTEINS
acc_prot2 = [[0.6875, 0.6818181818181818, 0.7142857153075082, 0.6685714292526245, 0.7643678174621757],[0.7329545454545454,
  0.6818181818181818,
  0.697142858845847,
  0.5942857149669102,
  0.6954023002207964],
 [0.7272727272727273,
  0.6761363636363636,
  0.7142857156481062,
  0.6342857149669102,
  0.7701149411585139],
 [0.6590909090909091,
  0.6647727272727273,
  0.6514285727909633,
  0.7371428581646511,
  0.7068965503539162],
 [0.7386363636363636,
  0.6988636363636364,
  0.6914285724503654,
  0.6800000010217939,
  0.6896551737840149],
 [0.75,
  0.7102272727272727,
  0.7085714299338205,
  0.737142858845847,
  0.689655173098904],
 [0.6875,
  0.6704545454545454,
  0.7142857153075082,
  0.657142858505249,
  0.7471264354113875],
 [0.7102272727272727,
  0.6875,
  0.6914285731315613,
  0.6514285724503653,
  0.7356321845931568]] 
